function mpc = tmp
%   Power flow encoded in IEEE format from tmp/tmp.m.
%   Please see CASEFORMAT for details on the case file format.
%   This data was converted from ADN to IEEE.

%   MATPOWER

%% MATPOWER Case Format : Version 2
mpc.version = '2';

%%-----  Power Flow Data  -----%%
%% system MVA base
mpc.baseMVA = 100;

%% bus data
% bus_i  type  Pd  Qd  Gs  Bs  area  Vm  Va  baseKV  zone  Vmax  Vmin
mpc.bus = [
	1	2	757.2988532	400.92292228	0	0	1	0.955	10.67	138	1	1.06	0.94;
	2	1	296.97994243	133.64097409	0	0	1	0.971	11.22	138	1	1.06	0.94;
	3	1	579.11088774	148.48997122	0	0	1	0.968	11.56	138	1	1.06	0.94;
	4	2	579.11088774	178.18796546	0	0	1	0.998	15.28	138	1	1.06	0.94;
	5	1	0	0	0	-593.95988486	1	1.002	15.73	138	1	1.06	0.94;
	6	2	772.14785032	326.67793667	0	0	1	0.99	13	138	1	1.06	0.94;
	7	1	282.13094531	29.69799424	0	0	1	0.989	12.56	138	1	1.06	0.94;
	8	2	415.7719194	0	0	0	1	1.015	20.77	345	1	1.06	0.94;
	9	1	0	0	0	0	1	1.043	28.02	345	1	1.06	0.94;
	10	2	0	0	0	0	1	1.05	35.61	345	1	1.06	0.94;
	11	1	1039.42979851	341.5269338	0	0	1	0.985	12.72	138	1	1.06	0.94;
	12	2	697.90286471	148.48997122	0	0	1	0.99	12.2	138	1	1.06	0.94;
	13	1	504.86590213	237.58395395	0	0	1	0.968	11.35	138	1	1.06	0.94;
	14	1	207.8859597	14.84899712	0	0	1	0.984	11.5	138	1	1.06	0.94;
	15	2	1336.40974094	445.46991365	0	0	1	0.97	11.23	138	1	1.06	0.94;
	16	1	371.22492804	148.48997122	0	0	1	0.984	11.91	138	1	1.06	0.94;
	17	1	163.33896834	44.54699136	0	0	1	0.995	13.74	138	1	1.06	0.94;
	18	2	890.93982729	504.86590213	0	0	1	0.973	11.53	138	1	1.06	0.94;
	19	2	668.20487047	371.22492804	0	0	1	0.963	11.05	138	1	1.06	0.94;
	20	1	267.28194819	44.54699136	0	0	1	0.958	11.93	138	1	1.06	0.94;
	21	1	207.8859597	118.79197697	0	0	1	0.959	13.52	138	1	1.06	0.94;
	22	1	148.48997122	74.24498561	0	0	1	0.97	16.08	138	1	1.06	0.94;
	23	1	103.94297985	44.54699136	0	0	1	1	21	138	1	1.06	0.94;
	24	2	193.03696258	0	0	0	1	0.992	20.89	138	1	1.06	0.94;
	25	2	0	0	0	0	1	1.05	27.93	138	1	1.06	0.94;
	26	2	0	0	0	0	1	1.015	29.71	345	1	1.06	0.94;
	27	2	1054.27879563	193.03696258	0	0	1	0.968	15.35	138	1	1.06	0.94;
	28	1	252.43295107	103.94297985	0	0	1	0.962	13.62	138	1	1.06	0.94;
	29	1	356.37593092	59.39598849	0	0	1	0.963	12.63	138	1	1.06	0.94;
	30	1	0	0	0	0	1	0.968	18.79	345	1	1.06	0.94;
	31	2	638.50687623	400.92292228	0	0	1	0.967	12.75	138	1	1.06	0.94;
	32	2	876.09083017	341.5269338	0	0	1	0.964	14.8	138	1	1.06	0.94;
	33	1	341.5269338	133.64097409	0	0	1	0.972	10.63	138	1	1.06	0.94;
	34	2	876.09083017	386.07392516	0	207.8859597	1	0.986	11.3	138	1	1.06	0.94;
	35	1	490.01690501	133.64097409	0	0	1	0.981	10.87	138	1	1.06	0.94;
	36	2	460.31891077	252.43295107	0	0	1	0.98	10.87	138	1	1.06	0.94;
	37	1	0	0	0	-371.22492804	1	0.992	11.77	138	1	1.06	0.94;
	38	1	0	0	0	0	1	0.962	16.91	345	1	1.06	0.94;
	39	1	400.92292228	163.33896834	0	0	1	0.97	8.41	138	1	1.06	0.94;
	40	2	980.03381002	341.5269338	0	0	1	0.97	7.35	138	1	1.06	0.94;
	41	1	549.4128935	148.48997122	0	0	1	0.967	6.92	138	1	1.06	0.94;
	42	2	1425.50372367	341.5269338	0	0	1	0.985	8.53	138	1	1.06	0.94;
	43	1	267.28194819	103.94297985	0	0	1	0.978	11.28	138	1	1.06	0.94;
	44	1	237.58395395	118.79197697	0	148.48997122	1	0.985	13.82	138	1	1.06	0.94;
	45	1	786.99684744	326.67793667	0	148.48997122	1	0.987	15.67	138	1	1.06	0.94;
	46	2	415.7719194	148.48997122	0	148.48997122	1	1.005	18.49	138	1	1.06	0.94;
	47	1	504.86590213	0	0	0	1	1.017	20.73	138	1	1.06	0.94;
	48	1	296.97994243	163.33896834	0	222.73495682	1	1.021	19.93	138	1	1.06	0.94;
	49	2	1291.86274958	445.46991365	0	0	1	1.025	20.94	138	1	1.06	0.94;
	50	1	252.43295107	59.39598849	0	0	1	1.001	18.9	138	1	1.06	0.94;
	51	1	252.43295107	118.79197697	0	0	1	0.967	16.28	138	1	1.06	0.94;
	52	1	267.28194819	74.24498561	0	0	1	0.957	15.32	138	1	1.06	0.94;
	53	1	341.5269338	163.33896834	0	0	1	0.946	14.35	138	1	1.06	0.94;
	54	2	1677.93667474	475.16790789	0	0	1	0.955	15.26	138	1	1.06	0.94;
	55	2	935.48681866	326.67793667	0	0	1	0.952	14.97	138	1	1.06	0.94;
	56	2	1247.31575821	267.28194819	0	0	1	0.954	15.16	138	1	1.06	0.94;
	57	1	178.18796546	44.54699136	0	0	1	0.971	16.36	138	1	1.06	0.94;
	58	1	178.18796546	44.54699136	0	0	1	0.959	15.51	138	1	1.06	0.94;
	59	2	4113.17220268	1677.93667474	0	0	1	0.985	19.37	138	1	1.06	0.94;
	60	1	1158.22177548	44.54699136	0	0	1	0.993	23.15	138	1	1.06	0.94;
	61	2	0	0	0	0	1	0.995	24.04	138	1	1.06	0.94;
	62	2	1143.37277836	207.8859597	0	0	1	0.998	23.43	138	1	1.06	0.94;
	63	1	0	0	0	0	1	0.969	22.75	345	1	1.06	0.94;
	64	1	0	0	0	0	1	0.984	24.52	345	1	1.06	0.94;
	65	2	0	0	0	0	1	1.005	27.65	345	1	1.06	0.94;
	66	2	579.11088774	267.28194819	0	0	1	1.05	27.48	138	1	1.06	0.94;
	67	1	415.7719194	103.94297985	0	0	1	1.02	24.84	138	1	1.06	0.94;
	68	1	0	0	0	0	1	1.003	27.55	345	1	1.06	0.94;
	69	3	0	0	0	0	1	1.035	30	138	1	1.06	0.94;
	70	2	980.03381002	296.97994243	0	0	1	0.984	22.58	138	1	1.06	0.94;
	71	1	0	0	0	0	1	0.987	22.15	138	1	1.06	0.94;
	72	2	178.18796546	0	0	0	1	0.98	20.98	138	1	1.06	0.94;
	73	2	89.09398273	0	0	0	1	0.991	21.94	138	1	1.06	0.94;
	74	2	1009.73180427	400.92292228	0	178.18796546	1	0.958	21.64	138	1	1.06	0.94;
	75	1	697.90286471	163.33896834	0	0	1	0.967	22.91	138	1	1.06	0.94;
	76	2	1009.73180427	534.56389638	0	0	1	0.943	21.77	138	1	1.06	0.94;
	77	2	905.78882442	415.7719194	0	0	1	1.006	26.72	138	1	1.06	0.94;
	78	1	1054.27879563	386.07392516	0	0	1	1.003	26.42	138	1	1.06	0.94;
	79	1	579.11088774	475.16790789	0	296.97994243	1	1.009	26.72	138	1	1.06	0.94;
	80	2	1930.36962581	386.07392516	0	0	1	1.04	28.96	138	1	1.06	0.94;
	81	1	0	0	0	0	1	0.997	28.1	345	1	1.06	0.94;
	82	1	801.84584457	400.92292228	0	296.97994243	1	0.989	27.24	138	1	1.06	0.94;
	83	1	296.97994243	148.48997122	0	148.48997122	1	0.985	28.42	138	1	1.06	0.94;
	84	1	163.33896834	103.94297985	0	0	1	0.98	30.95	138	1	1.06	0.94;
	85	2	356.37593092	222.73495682	0	0	1	0.985	32.51	138	1	1.06	0.94;
	86	1	311.82893955	148.48997122	0	0	1	0.987	31.14	138	1	1.06	0.94;
	87	2	0	0	0	0	1	1.015	31.4	161	1	1.06	0.94;
	88	1	712.75186184	148.48997122	0	0	1	0.987	35.64	138	1	1.06	0.94;
	89	2	0	0	0	0	1	1.005	39.69	138	1	1.06	0.94;
	90	2	2420.38653082	623.65787911	0	0	1	0.985	33.29	138	1	1.06	0.94;
	91	2	148.48997122	0	0	0	1	0.98	33.31	138	1	1.06	0.94;
	92	2	965.1848129	148.48997122	0	0	1	0.993	33.8	138	1	1.06	0.94;
	93	1	178.18796546	103.94297985	0	0	1	0.987	30.79	138	1	1.06	0.94;
	94	1	445.46991365	237.58395395	0	0	1	0.991	28.64	138	1	1.06	0.94;
	95	1	623.65787911	460.31891077	0	0	1	0.981	27.67	138	1	1.06	0.94;
	96	1	564.26189062	222.73495682	0	0	1	0.993	27.51	138	1	1.06	0.94;
	97	1	222.73495682	133.64097409	0	0	1	1.011	27.88	138	1	1.06	0.94;
	98	1	504.86590213	118.79197697	0	0	1	1.024	27.4	138	1	1.06	0.94;
	99	2	623.65787911	0	0	0	1	1.01	27.04	138	1	1.06	0.94;
	100	2	549.4128935	267.28194819	0	0	1	1.017	28.03	138	1	1.06	0.94;
	101	1	326.67793667	222.73495682	0	0	1	0.993	29.61	138	1	1.06	0.94;
	102	1	74.24498561	44.54699136	0	0	1	0.991	32.3	138	1	1.06	0.94;
	103	2	341.5269338	237.58395395	0	0	1	1.001	24.44	138	1	1.06	0.94;
	104	2	564.26189062	371.22492804	0	0	1	0.971	21.69	138	1	1.06	0.94;
	105	2	460.31891077	386.07392516	0	296.97994243	1	0.965	20.57	138	1	1.06	0.94;
	106	1	638.50687623	237.58395395	0	0	1	0.962	20.32	138	1	1.06	0.94;
	107	2	742.44985608	178.18796546	0	89.09398273	1	0.952	17.53	138	1	1.06	0.94;
	108	1	29.69799424	14.84899712	0	0	1	0.967	19.38	138	1	1.06	0.94;
	109	1	118.79197697	44.54699136	0	0	1	0.967	18.93	138	1	1.06	0.94;
	110	2	579.11088774	445.46991365	0	89.09398273	1	0.973	18.09	138	1	1.06	0.94;
	111	2	0	0	0	0	1	0.98	19.74	138	1	1.06	0.94;
	112	2	1009.73180427	193.03696258	0	0	1	0.975	14.99	138	1	1.06	0.94;
	113	2	89.09398273	0	0	0	1	0.993	13.74	138	1	1.06	0.94;
	114	1	118.79197697	44.54699136	0	0	1	0.96	14.46	138	1	1.06	0.94;
	115	1	326.67793667	103.94297985	0	0	1	0.96	14.46	138	1	1.06	0.94;
	116	2	2732.21547037	0	0	0	1	1.005	27.12	138	1	1.06	0.94;
	117	1	296.97994243	118.79197697	0	0	1	0.974	10.67	138	1	1.06	0.94;
	118	1	490.01690501	222.73495682	0	0	1	0.949	21.92	138	1	1.06	0.94;
	6661	1	0	0	0	0	1	0.955	10.67	138	1	1.06	0.94;
	6662	1	0	0	0	0	1	0.971	11.22	138	1	1.06	0.94;
